16
8
540 731 598 15 723 220 691 883 181 196 529 277 893 785 851 463
602 965 528 215 292 94 753 55 892 589 764 614 976 504 487 463
949 827 909 68 761 916 316 440 140 372 202 789 186 29 419 270
148 347 703 112 92 850 556 913 184 938 817 906 675 694 79 271
478 920 370 365 365 477 806 318 650 12 959 652 470 530 331 132
865 558 765 596 926 567 578 207 277 190 105 672 839 337 800 833
107 492 1000 604 108 502 696 340 612 651 765 907 556 725 296 839
649 826 97 550 766 796 395 452 33 408 368 523 52 882 414 911
232 483 312 114 75 626 398 253 269 491 299 858 418 571 457 664
750 20 844 496 919 347 876 880 648 336 734 629 914 100 429 779
980 861 242 785 568 310 438 228 509 742 473 425 221 114 47 181
101 124 480 950 490 886 924 218 589 283 414 234 812 793 205 252
104 89 54 380 391 175 726 735 548 674 569 421 701 320 911 915
836 195 17 923 816 335 827 186 989 95 914 176 776 589 713 75
887 868 658 672 850 751 759 907 264 914 427 442 635 108 803 488
27 494 208 113 652 435 352 872 634 937 47 383 894 574 560 655
